
New trajectory
146 -477
146 -477
145 -477
143 -482
140 -488
139 -495
139 -500
139 -505
139 -513
139 -519
139 -525
139 -533
139 -539
139 -547
139 -553
138 -564
138 -574
138 -585
138 -596
138 -605
138 -618
138 -626
138 -638
139 -650
141 -659
143 -668
146 -675
149 -684
153 -694
158 -705
166 -722
172 -734
176 -743
180 -751
186 -759
192 -766
197 -771
205 -777
211 -779
216 -782
222 -783
229 -785
234 -786
240 -786
247 -787
254 -787
261 -787
267 -787
271 -787
275 -786
281 -784
286 -781
289 -779
297 -774
302 -770
309 -764
315 -758
319 -754
324 -749
329 -743
334 -736
338 -731
342 -724
345 -719
349 -711
352 -706
355 -698
359 -689
361 -680
364 -675
367 -666
369 -658
372 -651
374 -644
377 -638
379 -633
383 -628
387 -621
390 -615
394 -608
398 -601
402 -595
407 -587
410 -581
414 -575
418 -570
420 -566
424 -562
429 -557
433 -553
437 -549
440 -547
443 -545
447 -543
449 -542
454 -539
457 -538
459 -538
461 -537
463 -535
466 -535
469 -535
472 -535
476 -535
479 -535
483 -535
487 -535
491 -535
493 -536
496 -537
500 -538
504 -540
506 -541
509 -543
512 -546
516 -548
520 -551
523 -554
527 -557
530 -560
533 -565
537 -569
539 -572
543 -578
545 -583
550 -590
554 -595
557 -599
560 -604
564 -610
567 -614
572 -621
574 -625
578 -630
581 -636
585 -640
589 -646
593 -654
598 -660
603 -668
605 -672
609 -678
614 -685
618 -690
623 -697
625 -701
629 -706
634 -712
638 -718
642 -723
645 -727
648 -730
652 -734
654 -737
658 -740
659 -741
662 -742
665 -744
667 -746
672 -748
675 -749
677 -750
681 -752
683 -753
688 -755
691 -756
696 -757
700 -757
702 -758
707 -760
710 -760
713 -760
717 -761
721 -761
725 -761
730 -761
733 -761
736 -761
740 -761
744 -760
748 -760
751 -759
755 -758
758 -757
763 -755
767 -753
772 -752
776 -749
780 -748
784 -745
788 -743
793 -739
798 -734
803 -729
807 -724
811 -718
815 -712
818 -708
822 -703
824 -698
828 -689
831 -682
834 -674
837 -667
841 -659
843 -654
846 -645
849 -638
853 -626
857 -619
858 -613
861 -606
862 -599
864 -593
867 -584
869 -575
872 -567
873 -559
874 -550
877 -539
877 -530
879 -520
881 -508
882 -498
883 -488
884 -479
886 -470
886 -463
886 -453
886 -445
886 -437
886 -428
886 -419
886 -410
886 -402
886 -392
886 -379
886 -370
886 -364
886 -358
884 -350
881 -342
879 -333
876 -327
873 -319
869 -310
865 -302
861 -294
858 -285
854 -277
850 -270
847 -264
844 -259
841 -255
838 -249
834 -243
829 -235
824 -229
820 -224
815 -219
810 -213
806 -208
801 -202
793 -195
786 -191
780 -186
773 -181
766 -176
759 -171
751 -167
745 -163
740 -159
734 -156
725 -152
716 -146
707 -142
697 -138
685 -133
676 -130
669 -126
659 -122
648 -117
639 -115
628 -111
614 -107
603 -105
593 -102
583 -100
573 -96
562 -93
549 -90
537 -86
523 -82
513 -81
504 -79
492 -76
484 -76
475 -76
462 -76
452 -76
445 -76
436 -76
428 -76
420 -76
411 -77
398 -78
388 -82
381 -83
376 -84
369 -87
363 -88
356 -90
352 -93
347 -95
340 -99
335 -102
331 -104
325 -109
317 -114
312 -118
307 -123
302 -128
297 -133
294 -136
289 -140
284 -145
278 -150
271 -155
268 -158
262 -163
258 -167
253 -170
249 -174
242 -180
237 -185
231 -190
225 -198
219 -205
211 -214
205 -221
201 -225
196 -232
190 -240
187 -245
184 -252
180 -260
177 -265
175 -273
171 -284
169 -292
167 -298
165 -305
162 -315
160 -323
160 -332
159 -340
157 -348
156 -354
155 -364
154 -373
152 -380
151 -386
151 -390
150 -396
150 -403
149 -406
149 -411
147 -416
146 -419
145 -425
143 -430
142 -432
142 -435
141 -439
141 -443
140 -446
140 -448
140 -450
140 -454
140 -460
140 -464
140 -468
140 -472
140 -473
140 -475
140 -478
140 -478
140 -479
140 -479
140 -480
140 -480
140 -481
140 -481
140 -481
140 -481
140 -482
140 -482
140 -482
140 -482
140 -482
140 -482
140 -482