
New trajectory
162 -434
162 -434
162 -435
162 -438
162 -441
162 -448
161 -455
161 -466
161 -476
161 -489
161 -498
161 -508
161 -515
161 -524
161 -531
161 -538
162 -545
164 -556
165 -564
166 -573
169 -583
171 -591
173 -596
175 -603
179 -615
184 -627
190 -637
194 -647
200 -656
206 -666
211 -673
217 -682
227 -692
232 -698
240 -703
247 -708
254 -713
260 -717
267 -721
275 -724
281 -727
288 -730
295 -733
301 -735
307 -737
315 -739
324 -742
332 -743
340 -743
345 -743
352 -743
361 -743
369 -743
376 -740
383 -737
392 -731
398 -726
407 -720
415 -713
421 -706
426 -698
432 -690
436 -681
438 -678
441 -671
444 -663
447 -656
450 -650
452 -644
456 -634
458 -629
461 -623
464 -617
467 -610
471 -604
473 -599
477 -593
480 -589
483 -584
490 -577
493 -574
497 -571
500 -568
504 -567
507 -565
509 -564
512 -563
516 -562
519 -562
524 -562
532 -560
536 -560
541 -560
545 -560
547 -560
550 -560
555 -562
564 -565
569 -567
573 -570
578 -573
582 -576
587 -580
593 -588
596 -592
601 -597
604 -602
608 -607
611 -611
615 -617
621 -623
625 -628
631 -635
636 -641
640 -646
644 -651
649 -656
654 -662
659 -666
663 -670
667 -674
670 -678
675 -683
678 -686
682 -690
685 -692
689 -696
691 -698
696 -701
702 -705
705 -707
710 -711
713 -713
717 -716
720 -717
726 -721
729 -722
734 -723
739 -724
743 -726
749 -726
754 -726
760 -726
764 -726
770 -726
774 -726
778 -725
783 -724
789 -722
795 -721
801 -718
808 -715
813 -713
817 -710
821 -707
826 -704
834 -699
838 -695
842 -692
847 -689
851 -685
857 -679
862 -673
866 -667
870 -660
876 -648
881 -637
883 -627
886 -618
887 -607
888 -599
889 -589
891 -580
892 -572
892 -563
893 -554
893 -544
893 -532
893 -524
893 -515
893 -507
893 -499
893 -490
893 -482
893 -469
893 -459
893 -449
893 -442
893 -433
893 -423
893 -412
893 -399
893 -390
893 -383
893 -377
890 -368
889 -363
887 -357
884 -348
883 -342
880 -336
878 -332
875 -326
874 -323
874 -318
870 -312
868 -308
866 -304
862 -300
859 -296
854 -290
852 -287
847 -281
843 -277
837 -270
830 -265
829 -263
824 -260
818 -254
812 -249
805 -243
798 -238
791 -233
786 -229
778 -224
772 -220
765 -216
759 -211
752 -207
746 -204
741 -201
735 -198
727 -193
718 -189
712 -187
705 -183
698 -181
692 -178
683 -174
671 -169
662 -166
647 -161
637 -158
628 -155
619 -152
608 -150
596 -147
584 -146
573 -144
564 -142
555 -141
545 -140
536 -138
528 -138
520 -137
513 -136
506 -136
498 -135
491 -133
484 -132
472 -131
462 -131
451 -131
441 -130
431 -130
421 -130
410 -130
400 -130
388 -130
381 -131
372 -135
365 -136
358 -139
351 -141
345 -145
339 -148
332 -152
326 -156
320 -161
313 -165
307 -169
301 -173
296 -177
290 -181
286 -185
278 -190
273 -194
267 -200
260 -205
256 -209
253 -213
250 -216
246 -219
243 -222
240 -227
236 -231
234 -234
230 -239
228 -243
224 -248
220 -254
216 -260
213 -265
210 -270
206 -276
204 -282
200 -288
198 -294
196 -297
194 -303
193 -307
190 -312
188 -318
185 -325
184 -330
183 -334
181 -339
179 -344
177 -351
175 -356
175 -360
173 -365
173 -370
173 -375
171 -380
170 -383
170 -389
169 -394
169 -398
168 -402
168 -405
168 -408
166 -412
166 -413
165 -418
165 -419
165 -419
165 -421
165 -423
165 -423
165 -425
165 -425
165 -426
165 -426
165 -426
165 -427
165 -429
165 -429
165 -429
165 -430
165 -430
165 -432
165 -432
165 -433
165 -433
165 -433
165 -433
165 -433
165 -433
165 -433
165 -433
165 -433
165 -434
165 -435
165 -436
165 -436
165 -438
165 -439
165 -439
165 -439
165 -439