
New trajectory
54 -44
54 -44
54 -44
54 -44
54 -44
54 -45
54 -51
54 -60
54 -70
54 -80
54 -86
55 -91
57 -98
58 -105
58 -113
59 -120
62 -132
65 -141
69 -149
71 -157
74 -166
77 -175
84 -185
89 -195
95 -202
104 -210
120 -217
145 -225
183 -232
219 -237
235 -238
244 -238
252 -236
266 -229
279 -223
290 -218
302 -211
313 -203
324 -194
331 -185
337 -169
345 -151
351 -130
353 -116
357 -99
358 -84
360 -75
359 -68
355 -62
352 -58
345 -54
331 -49
324 -47
317 -44
314 -43
304 -42
294 -42
284 -46
274 -56
270 -66
266 -79
266 -92
266 -113
267 -130
271 -142
277 -156
281 -168
287 -181
292 -189
299 -198
309 -208
324 -219
363 -237
401 -253
426 -259
439 -262
459 -263
486 -263
515 -263
527 -263
545 -261
589 -261
650 -261
694 -259
711 -257
720 -255
729 -251
742 -247
753 -243
766 -234
777 -227
786 -213
791 -201
795 -187
797 -171
799 -156
799 -144
799 -129
797 -118
791 -108
783 -99
778 -90
771 -82
763 -72
751 -64
736 -62
720 -61
697 -61
676 -64
651 -78
639 -84
631 -94
624 -108
618 -122
614 -137
610 -157
608 -178
603 -205
602 -211
602 -230
602 -253
602 -280
598 -303
596 -327
596 -351
596 -369
596 -387
596 -406
596 -423
596 -439
597 -450
601 -466
608 -480
615 -492
623 -501
631 -510
640 -519
649 -526
658 -532
663 -535
671 -539
683 -542
695 -543
705 -543
714 -539
723 -525
724 -511
724 -496
724 -478
721 -461
718 -444
710 -429
702 -413
686 -400
668 -385
650 -373
633 -365
614 -358
591 -352
574 -348
564 -345
552 -342
542 -338
519 -331
490 -324
463 -318
434 -312
406 -310
385 -310
369 -310
352 -310
336 -310
317 -310
304 -314
295 -320
287 -328
281 -338
275 -348
272 -362
263 -383
259 -398
257 -413
253 -433
250 -462
250 -483
250 -500
250 -512
250 -528
256 -540
261 -547
268 -554
274 -557
284 -562
299 -567
311 -568
320 -568
330 -567
338 -562
345 -552
355 -537
360 -524
366 -511
369 -493
372 -479
373 -467
373 -457
369 -445
363 -432
352 -417
338 -403
324 -393
313 -384
301 -377
292 -373
283 -370
270 -367
259 -366
247 -366
236 -366
224 -366
210 -366
191 -366
171 -366
152 -366
140 -366
129 -366
118 -366
109 -366
102 -366
97 -368
90 -377
84 -390
78 -405
74 -420
71 -437
63 -456
60 -473
55 -490
54 -512
50 -539
49 -562
48 -578
43 -597
40 -616
40 -636
38 -663
37 -680
37 -692
37 -709
37 -721
37 -731
41 -741
46 -755
54 -767
60 -774
63 -780
71 -789
78 -799
87 -811
95 -820
106 -832
118 -843
126 -851
139 -859
149 -867
159 -873
172 -881
195 -889
215 -892
228 -893
239 -891
248 -885
256 -879
267 -870
278 -862
292 -848
301 -834
310 -821
318 -804
329 -786
335 -764
337 -742
339 -722
339 -701
338 -687
332 -674
327 -666
322 -659
310 -649
299 -646
290 -643
278 -643
264 -643
253 -646
246 -652
240 -662
235 -675
231 -691
230 -706
230 -720
230 -734
230 -753
239 -771
245 -782
251 -791
260 -801
270 -809
286 -820
303 -828
323 -839
349 -853
380 -866
412 -874
427 -879
436 -880
447 -882
465 -883
483 -883
506 -883
527 -883
545 -885
560 -889
570 -889
581 -889
595 -887
607 -880
620 -874
635 -864
648 -850
662 -835
678 -813
689 -795
693 -778
698 -753
698 -719
697 -704
692 -688
684 -676
677 -664
671 -658
659 -651
642 -644
624 -638
610 -634
598 -633
591 -633
582 -636
571 -652
570 -666
567 -683
567 -702
568 -714
573 -724
581 -737
590 -748
599 -755
609 -765
623 -779
634 -790
640 -793
647 -800
656 -803
664 -807
675 -812
689 -817
698 -820
707 -823
721 -828
731 -833
742 -836
751 -838
757 -838
760 -838
765 -838
772 -838
778 -838
785 -837
793 -835
803 -835
810 -835
813 -835
815 -835
818 -835
821 -835
826 -835
830 -835
831 -835
831 -835
831 -835
831 -835
831 -835
831 -835
831 -835
831 -835
New trajectory
92 -29
92 -29
92 -29
92 -29
90 -29
85 -31
80 -34
76 -38
74 -43
71 -49
69 -56
68 -64
66 -70
65 -77
65 -86
65 -99
66 -105
68 -115
73 -127
78 -140
85 -152
94 -163
107 -180
115 -189
122 -195
129 -201
138 -207
150 -212
168 -219
179 -223
193 -228
208 -232
228 -239
250 -244
265 -247
278 -248
294 -250
319 -250
331 -250
343 -248
357 -245
369 -240
381 -234
390 -225
402 -208
410 -191
413 -175
418 -153
420 -138
422 -120
422 -108
420 -92
417 -82
414 -74
407 -63
400 -56
393 -52
384 -47
375 -46
356 -46
346 -46
338 -51
331 -60
324 -71
318 -84
315 -93
312 -105
309 -118
309 -136
310 -148
313 -159
317 -173
323 -187
330 -198
343 -213
367 -233
383 -245
405 -260
425 -270
446 -277
461 -281
480 -285
503 -287
544 -292
575 -294
596 -297
608 -297
626 -293
645 -290
656 -286
671 -281
683 -273
700 -267
715 -258
736 -249
746 -241
755 -232
769 -219
779 -207
785 -195
794 -181
796 -173
799 -162
801 -148
804 -137
804 -125
804 -113
800 -102
796 -92
791 -85
783 -79
773 -70
762 -65
749 -63
731 -58
714 -58
695 -58
679 -63
662 -70
642 -83
625 -98
605 -122
593 -135
584 -152
575 -176
563 -206
553 -234
549 -252
544 -277
539 -301
534 -321
533 -340
532 -364
532 -384
532 -405
532 -425
534 -447
538 -466
543 -485
548 -503
554 -522
564 -542
570 -552
571 -554
573 -556
581 -560
593 -564
607 -567
620 -567
631 -567
640 -565
646 -560
652 -548
656 -528
660 -502
662 -487
662 -470
661 -458
656 -444
653 -433
643 -421
627 -404
613 -394
597 -386
579 -377
565 -373
548 -369
522 -361
504 -355
484 -351
462 -348
437 -345
410 -340
385 -339
359 -339
332 -339
320 -339
310 -339
299 -343
286 -349
274 -358
262 -365
251 -374
245 -379
240 -385
235 -398
230 -407
225 -420
219 -437
217 -454
217 -483
217 -507
217 -531
217 -548
219 -560
222 -572
225 -577
230 -581
236 -585
248 -587
263 -590
275 -590
288 -590
302 -586
316 -579
323 -572
332 -561
336 -545
337 -529
337 -506
334 -484
326 -464
314 -440
301 -422
292 -409
280 -395
269 -385
253 -377
242 -376
228 -376
215 -376
205 -376
197 -378
188 -384
178 -392
169 -401
155 -414
146 -423
140 -436
130 -453
119 -472
114 -486
110 -499
102 -522
93 -540
86 -560
79 -574
76 -589
74 -604
73 -617
72 -628
72 -650
72 -671
72 -689
72 -704
76 -719
82 -744
88 -764
96 -789
104 -806
109 -822
114 -832
119 -839
123 -843
135 -849
149 -854
158 -857
170 -859
183 -862
203 -865
217 -870
230 -871
249 -873
269 -873
286 -873
298 -873
312 -870
327 -862
340 -852
352 -841
362 -827
369 -811
375 -790
379 -766
379 -745
378 -720
376 -698
371 -681
366 -664
361 -651
356 -644
350 -642
336 -638
326 -637
308 -637
293 -637
283 -641
276 -645
268 -652
263 -661
260 -670
260 -685
258 -702
258 -718
259 -735
263 -746
266 -761
274 -776
279 -788
285 -796
292 -805
312 -821
326 -829
337 -837
359 -846
395 -860
418 -866
425 -866
438 -868
461 -872
486 -876
503 -877
510 -878
518 -878
526 -878
534 -878
541 -877
555 -874
573 -872
585 -869
594 -868
608 -864
626 -859
640 -855
653 -850
668 -840
685 -830
701 -820
709 -811
718 -799
722 -782
725 -754
729 -731
729 -715
729 -697
727 -680
723 -671
717 -662
705 -650
696 -642
679 -635
657 -628
642 -625
628 -622
615 -621
603 -621
591 -629
581 -640
574 -660
572 -680
572 -698
579 -720
584 -735
591 -747
597 -755
602 -762
613 -770
626 -778
643 -787
660 -796
669 -801
680 -807
691 -812
696 -814
702 -818
710 -819
720 -824
733 -827
742 -829
748 -831
755 -834
766 -838
774 -841
777 -841
781 -842
787 -842
791 -843
800 -843
806 -843
808 -843
813 -843
815 -843
818 -843
820 -843
823 -841
824 -840
824 -840
824 -840
825 -840
826 -839
826 -839
826 -839
826 -839
826 -839
826 -839
New trajectory
76 -24
76 -24
75 -28
72 -29
66 -31
61 -35
56 -39
51 -45
47 -53
44 -58
40 -69
39 -78
38 -89
38 -101
38 -113
38 -125
42 -139
50 -156
55 -165
61 -178
70 -192
81 -207
92 -224
103 -237
110 -244
117 -249
127 -253
138 -258
152 -261
166 -264
179 -265
197 -266
207 -268
217 -267
226 -265
236 -262
247 -260
256 -257
268 -254
278 -250
286 -245
295 -240
305 -235
371 -231
413 -224
416 -224
416 -224
418 -224
423 -218
426 -212
429 -205
435 -192
438 -183
440 -173
442 -160
442 -148
442 -134
442 -123
440 -107
433 -94
428 -80
417 -62
406 -44
399 -33
394 -28
386 -24
366 -19
337 -19
312 -21
298 -27
283 -39
268 -57
257 -76
249 -95
248 -112
248 -136
251 -161
261 -186
275 -206
288 -224
310 -245
327 -257
343 -267
360 -275
397 -289
413 -294
427 -297
452 -297
487 -300
512 -301
537 -301
561 -301
594 -301
634 -301
666 -301
676 -301
689 -297
717 -289
734 -283
751 -275
758 -269
767 -262
777 -253
784 -244
790 -234
797 -218
800 -205
805 -192
808 -177
810 -159
810 -146
810 -136
810 -122
810 -112
810 -102
809 -93
805 -87
801 -79
795 -70
784 -61
778 -57
772 -56
755 -56
738 -57
729 -61
719 -69
708 -79
698 -90
691 -104
682 -119
669 -141
657 -168
652 -183
643 -204
636 -235
632 -257
630 -282
626 -311
624 -336
624 -358
624 -382
624 -407
624 -440
628 -457
634 -477
640 -491
646 -502
651 -513
658 -527
666 -538
671 -548
677 -554
684 -559
691 -564
697 -567
709 -569
720 -570
727 -570
737 -565
743 -559
746 -548
747 -535
747 -520
742 -502
736 -483
731 -473
721 -461
711 -449
700 -439
684 -429
672 -420
655 -408
638 -401
626 -398
610 -393
592 -389
576 -386
559 -383
541 -382
509 -377
474 -371
448 -368
424 -365
400 -362
372 -355
356 -352
344 -350
329 -350
319 -354
310 -361
301 -373
292 -384
286 -395
280 -416
275 -435
271 -454
270 -474
270 -497
270 -514
275 -535
281 -552
290 -566
298 -577
306 -587
319 -597
338 -604
350 -605
361 -607
373 -607
385 -601
395 -593
401 -584
405 -565
406 -548
406 -535
406 -520
406 -504
401 -489
396 -480
384 -466
371 -456
356 -447
338 -439
322 -432
309 -429
297 -424
286 -421
276 -418
266 -416
254 -413
243 -411
233 -409
221 -407
206 -406
187 -403
172 -403
159 -403
148 -404
140 -407
131 -415
124 -423
119 -433
114 -446
107 -461
103 -471
99 -482
94 -495
89 -513
88 -528
86 -545
82 -562
81 -572
80 -584
75 -603
70 -633
65 -659
65 -679
65 -691
65 -707
67 -724
72 -739
81 -755
89 -768
101 -784
113 -802
129 -818
138 -826
151 -834
170 -849
187 -859
212 -871
234 -878
256 -884
284 -892
310 -897
324 -897
336 -897
350 -891
364 -879
376 -868
383 -856
391 -841
396 -828
399 -810
402 -785
402 -765
402 -746
402 -732
399 -713
392 -698
388 -689
381 -680
371 -672
361 -665
349 -661
333 -659
323 -659
316 -661
307 -668
302 -677
297 -688
295 -697
292 -708
291 -727
291 -740
291 -752
295 -763
301 -776
314 -792
327 -808
346 -828
356 -834
365 -843
389 -855
407 -862
417 -864
431 -867
460 -872
477 -874
494 -879
505 -880
520 -880
541 -880
559 -880
572 -880
592 -874
608 -867
619 -865
634 -860
653 -852
664 -847
678 -839
693 -827
707 -813
715 -800
725 -783
729 -766
731 -748
731 -732
731 -715
731 -698
727 -687
722 -676
714 -668
705 -662
693 -655
680 -649
662 -646
651 -644
642 -644
633 -650
625 -664
619 -681
618 -700
618 -716
622 -736
627 -748
633 -759
643 -771
648 -776
657 -785
666 -791
680 -800
691 -806
698 -808
706 -812
720 -817
732 -821
744 -822
755 -823
761 -824
768 -826
774 -827
781 -828
785 -828
788 -829
792 -829
795 -829
799 -831
805 -831
812 -832
816 -832
820 -832
822 -832
824 -833
824 -833
824 -833
824 -833
824 -833
824 -833
824 -833
824 -833
824 -833
New trajectory
55 -32
55 -32
53 -43
52 -53
52 -62
52 -67
54 -75
56 -83
59 -89
61 -98
64 -108
66 -116
68 -122
70 -128
73 -136
75 -142
79 -150
88 -162
96 -175
104 -185
115 -197
135 -209
146 -214
157 -220
172 -224
187 -228
206 -233
215 -236
223 -237
232 -237
242 -238
250 -239
264 -239
275 -239
286 -237
296 -236
305 -232
312 -228
322 -221
332 -210
338 -203
345 -191
351 -181
362 -169
372 -158
378 -149
380 -141
384 -131
385 -122
387 -112
387 -99
386 -90
382 -80
380 -71
375 -65
369 -54
363 -48
356 -42
350 -37
341 -31
336 -27
330 -24
317 -23
301 -23
288 -26
278 -31
267 -39
256 -45
249 -52
244 -61
238 -78
237 -93
237 -116
247 -142
257 -165
272 -185
287 -207
313 -229
328 -241
343 -251
357 -258
372 -263
387 -267
406 -273
430 -275
458 -279
491 -282
536 -282
572 -286
596 -286
612 -286
623 -282
633 -278
648 -273
661 -268
674 -262
684 -258
697 -252
710 -241
720 -232
727 -225
735 -216
738 -206
746 -188
751 -172
755 -162
759 -149
761 -138
764 -127
764 -115
764 -104
764 -93
760 -83
752 -73
746 -64
739 -55
731 -48
722 -41
714 -37
703 -36
690 -36
669 -40
658 -44
648 -50
637 -58
630 -68
621 -85
613 -106
609 -119
603 -141
598 -168
593 -181
592 -192
590 -222
582 -270
579 -301
579 -328
579 -359
579 -388
582 -412
585 -430
594 -462
599 -478
604 -491
614 -512
623 -530
631 -540
639 -551
649 -567
657 -575
660 -578
663 -580
670 -584
691 -589
715 -595
727 -596
733 -596
743 -593
752 -583
758 -571
758 -556
758 -537
756 -516
748 -488
742 -467
731 -450
721 -432
711 -420
701 -410
688 -399
675 -390
657 -382
643 -376
623 -371
600 -368
580 -363
550 -359
502 -351
473 -346
445 -342
423 -339
398 -335
378 -333
364 -333
346 -333
335 -333
318 -337
299 -342
287 -347
277 -353
264 -364
251 -375
244 -386
234 -395
229 -404
225 -414
224 -423
222 -437
223 -456
229 -472
236 -489
245 -509
253 -525
260 -540
267 -549
273 -558
279 -564
283 -567
289 -569
299 -573
309 -574
318 -575
329 -574
345 -568
355 -563
369 -556
379 -548
387 -535
390 -519
391 -502
391 -488
382 -466
375 -452
365 -437
350 -420
338 -407
325 -395
309 -387
292 -381
277 -376
266 -376
255 -376
236 -376
221 -377
209 -379
194 -381
175 -385
160 -388
147 -393
137 -400
128 -409
119 -422
111 -437
103 -455
95 -474
90 -491
89 -505
86 -521
83 -537
80 -561
77 -581
76 -603
73 -629
70 -653
70 -671
70 -687
70 -703
70 -719
70 -736
74 -754
79 -767
84 -784
92 -800
100 -816
111 -827
121 -835
142 -848
163 -854
181 -860
196 -861
210 -862
226 -862
245 -862
260 -862
278 -857
291 -852
306 -843
320 -834
335 -819
349 -798
360 -779
365 -762
366 -746
366 -728
366 -709
366 -694
360 -679
351 -658
347 -649
341 -639
335 -632
325 -623
314 -618
300 -615
284 -613
274 -613
257 -613
243 -618
233 -625
229 -632
224 -647
223 -663
223 -676
228 -693
233 -707
240 -724
251 -742
257 -750
265 -759
272 -767
296 -784
325 -801
357 -813
376 -819
386 -821
397 -824
412 -827
430 -831
441 -831
456 -834
470 -836
488 -840
504 -842
521 -842
535 -842
551 -843
565 -843
575 -843
587 -842
601 -840
622 -834
636 -833
649 -830
657 -824
664 -815
671 -802
678 -787
685 -761
688 -740
689 -727
690 -714
690 -700
690 -685
687 -669
683 -661
679 -654
664 -641
648 -630
642 -625
628 -616
608 -610
595 -607
583 -607
572 -610
561 -620
551 -634
545 -650
542 -666
542 -680
542 -697
548 -711
552 -721
558 -731
565 -738
580 -749
600 -764
612 -770
620 -775
629 -780
648 -792
655 -798
661 -803
666 -807
679 -813
692 -817
706 -824
723 -828
739 -834
748 -835
757 -837
777 -838
782 -838
785 -838
792 -839
794 -839
798 -839
798 -839
799 -839
804 -837
806 -837
807 -837
809 -836
814 -835
817 -834
817 -834
817 -834
817 -834
818 -833
818 -833
818 -833
818 -833
818 -833
New trajectory
129 -23
129 -23
129 -23
129 -23
129 -23
127 -23
120 -25
114 -28
106 -36
102 -41
98 -47
96 -56
92 -66
85 -75
83 -81
81 -90
77 -100
75 -111
72 -121
71 -128
73 -141
77 -155
81 -167
87 -184
99 -203
113 -223
124 -239
149 -259
171 -274
192 -286
211 -293
238 -300
260 -303
282 -306
304 -308
329 -308
358 -308
389 -308
410 -308
428 -306
440 -301
451 -297
460 -292
471 -284
481 -269
488 -254
491 -236
495 -219
498 -204
499 -186
499 -167
499 -151
499 -132
502 -123
501 -113
499 -104
497 -96
492 -87
487 -76
475 -63
461 -50
452 -44
444 -38
433 -32
422 -30
409 -30
392 -33
381 -38
371 -45
363 -54
358 -66
354 -78
350 -95
349 -115
349 -130
351 -145
358 -162
366 -177
378 -197
393 -218
405 -232
417 -246
432 -259
447 -272
466 -286
485 -293
504 -300
530 -312
558 -320
573 -323
584 -324
612 -326
662 -326
699 -326
717 -326
730 -326
746 -322
763 -320
777 -314
792 -309
809 -302
827 -291
837 -281
848 -271
854 -260
859 -246
864 -224
868 -205
868 -188
868 -173
868 -158
868 -144
868 -130
863 -119
860 -111
850 -101
839 -92
827 -83
815 -75
802 -70
788 -67
771 -64
756 -64
735 -70
722 -73
709 -83
696 -96
674 -122
659 -146
643 -189
633 -217
626 -249
617 -281
612 -316
604 -357
601 -387
598 -418
597 -440
597 -456
597 -474
600 -489
604 -501
609 -515
612 -528
617 -543
622 -553
626 -560
631 -569
638 -578
646 -586
652 -592
660 -595
670 -600
681 -603
691 -606
699 -609
706 -609
716 -609
732 -604
742 -597
743 -591
746 -578
746 -563
745 -548
741 -536
733 -520
721 -504
708 -487
693 -472
674 -458
654 -447
640 -439
617 -429
593 -421
574 -415
554 -411
535 -408
520 -405
493 -400
457 -392
424 -385
401 -379
375 -372
352 -369
333 -366
315 -365
304 -365
291 -366
274 -371
257 -380
240 -391
222 -403
208 -412
196 -422
189 -431
186 -442
183 -459
182 -474
182 -492
182 -511
192 -538
205 -559
215 -579
224 -592
235 -605
244 -612
253 -619
267 -625
278 -626
287 -626
299 -620
308 -610
317 -601
324 -593
329 -582
334 -567
335 -553
335 -527
335 -510
335 -495
333 -482
328 -468
322 -459
315 -454
301 -444
284 -438
267 -433
252 -430
234 -427
218 -424
207 -423
195 -421
185 -419
173 -418
164 -418
155 -418
149 -420
141 -425
131 -436
120 -453
109 -476
102 -490
99 -502
98 -514
96 -532
94 -553
90 -576
87 -594
86 -609
83 -624
79 -642
76 -653
76 -670
76 -686
76 -702
76 -717
78 -728
82 -740
88 -760
96 -777
101 -790
107 -803
116 -818
124 -830
131 -839
143 -848
156 -858
178 -873
188 -879
194 -881
205 -884
218 -887
233 -890
245 -891
262 -894
279 -895
291 -895
305 -895
331 -892
344 -887
356 -881
372 -871
387 -857
397 -839
408 -814
413 -795
418 -775
420 -747
420 -730
417 -717
414 -708
409 -698
397 -687
384 -675
373 -670
362 -665
340 -656
324 -653
316 -653
307 -653
299 -657
292 -664
286 -677
278 -698
275 -711
275 -729
275 -748
275 -766
279 -781
284 -791
290 -802
297 -814
306 -828
315 -836
325 -845
344 -857
367 -868
374 -872
381 -874
397 -879
413 -884
423 -887
435 -888
463 -893
489 -895
501 -895
518 -895
535 -895
547 -895
557 -895
572 -895
593 -895
604 -892
615 -886
626 -880
637 -871
648 -861
657 -848
665 -836
673 -825
685 -809
694 -797
701 -787
705 -778
710 -766
712 -755
714 -746
715 -736
715 -726
715 -716
713 -705
711 -696
707 -685
703 -674
698 -666
691 -657
683 -651
671 -646
656 -644
641 -644
630 -645
618 -652
609 -660
600 -675
596 -691
592 -706
592 -724
592 -743
592 -758
598 -776
603 -791
607 -800
612 -808
624 -818
645 -828
670 -840
691 -849
705 -852
718 -856
730 -857
749 -861
755 -862
764 -862
775 -858
783 -857
788 -853
793 -853
796 -849
801 -847
804 -843
806 -842
807 -840
810 -836
811 -833
812 -831
812 -830
812 -829
812 -829
812 -829
812 -829
812 -829
812 -829
New trajectory
51 -26
51 -26
52 -33
53 -42
57 -52
58 -59
62 -69
64 -77
67 -89
72 -101
75 -108
82 -122
86 -135
93 -147
99 -160
107 -173
116 -186
127 -200
140 -211
153 -222
163 -231
175 -238
186 -245
200 -253
217 -259
236 -269
250 -273
262 -275
276 -276
298 -280
311 -280
330 -280
348 -278
364 -273
371 -271
381 -266
396 -258
416 -247
448 -232
454 -228
458 -222
460 -216
465 -205
468 -193
469 -179
469 -157
464 -138
454 -121
449 -111
439 -92
432 -82
427 -75
411 -59
393 -45
381 -36
372 -30
366 -27
352 -23
342 -23
328 -23
315 -31
302 -42
287 -54
277 -65
270 -78
265 -102
264 -134
266 -159
275 -180
288 -208
308 -237
330 -260
346 -273
372 -285
404 -293
431 -303
450 -307
471 -313
496 -317
524 -317
557 -317
602 -317
643 -317
678 -317
702 -316
724 -311
750 -304
764 -302
779 -297
793 -291
802 -283
814 -274
821 -262
828 -251
833 -240
843 -219
846 -201
847 -186
847 -171
847 -158
847 -144
844 -131
841 -123
838 -114
832 -104
825 -94
819 -85
808 -73
800 -63
788 -51
780 -44
775 -41
763 -39
742 -39
724 -39
710 -40
696 -50
679 -65
668 -78
656 -96
649 -110
636 -131
626 -153
615 -180
612 -195
607 -220
601 -254
600 -281
600 -304
600 -335
600 -373
600 -405
605 -439
611 -471
618 -498
622 -515
628 -527
633 -542
641 -559
647 -569
654 -578
662 -587
675 -600
696 -618
714 -631
725 -639
735 -644
743 -646
750 -646
758 -646
769 -638
781 -626
786 -610
788 -594
788 -573
788 -556
788 -544
783 -527
777 -513
766 -497
755 -487
741 -472
719 -458
704 -449
692 -443
676 -434
659 -425
639 -417
620 -411
593 -404
567 -396
546 -391
520 -383
498 -378
475 -373
447 -371
427 -367
409 -366
386 -365
364 -364
348 -364
335 -364
321 -364
304 -364
288 -365
270 -368
260 -369
249 -372
237 -375
222 -380
209 -389
198 -396
186 -408
172 -425
163 -439
159 -450
157 -463
153 -489
153 -514
155 -526
161 -542
181 -571
199 -592
209 -603
217 -611
228 -620
238 -628
257 -638
271 -645
283 -647
293 -648
301 -648
311 -644
323 -637
333 -629
341 -622
350 -607
355 -595
358 -580
361 -568
362 -547
362 -527
360 -508
353 -491
343 -477
333 -465
321 -454
311 -447
294 -441
280 -438
269 -436
257 -434
235 -430
221 -429
207 -428
184 -427
168 -424
157 -424
143 -424
134 -424
128 -425
119 -432
112 -441
105 -452
100 -465
94 -481
88 -506
84 -525
79 -544
78 -559
76 -573
74 -588
70 -610
65 -630
60 -652
59 -663
57 -681
54 -702
53 -717
53 -728
53 -747
51 -769
51 -789
51 -800
58 -815
63 -831
74 -849
83 -860
95 -871
113 -883
128 -892
142 -898
176 -911
197 -917
210 -918
231 -921
250 -921
264 -921
279 -918
293 -914
310 -904
320 -894
331 -881
342 -868
352 -853
358 -838
362 -817
363 -802
363 -782
363 -767
363 -756
358 -741
354 -729
346 -721
339 -714
327 -708
315 -702
306 -698
296 -694
285 -690
275 -689
263 -689
255 -689
243 -695
237 -703
231 -715
227 -727
227 -747
227 -764
231 -776
236 -788
243 -802
250 -812
254 -819
259 -828
266 -838
274 -844
283 -853
298 -863
318 -875
332 -881
348 -888
371 -898
386 -905
393 -906
411 -910
428 -916
438 -918
464 -920
504 -924
530 -928
541 -929
552 -929
566 -929
581 -927
591 -924
604 -919
617 -910
627 -904
640 -892
650 -877
660 -864
669 -848
678 -831
685 -816
691 -795
693 -782
694 -768
694 -757
690 -747
685 -736
679 -726
674 -715
670 -708
666 -701
662 -697
654 -692
643 -688
629 -684
619 -682
608 -682
598 -682
589 -683
575 -689
569 -695
566 -703
563 -713
563 -729
563 -744
567 -761
578 -782
593 -805
600 -814
602 -817
607 -822
617 -828
651 -839
673 -845
678 -845
689 -846
702 -847
710 -847
716 -847
725 -847
736 -847
750 -847
762 -845
771 -841
776 -838
779 -837
781 -837
781 -837
786 -835
787 -834
790 -833
793 -833
799 -832
804 -832
806 -830
806 -830
806 -830
806 -830
806 -830
806 -830
806 -830
806 -830
806 -830
New trajectory
96 -17
96 -17
96 -17
94 -17
88 -17
82 -18
77 -19
71 -23
66 -26
61 -28
56 -31
51 -36
47 -42
44 -51
41 -60
39 -70
36 -87
36 -102
36 -120
36 -135
36 -146
39 -158
43 -168
46 -178
50 -190
60 -205
70 -221
77 -230
87 -239
93 -247
101 -253
110 -260
119 -263
129 -267
148 -271
167 -274
183 -275
197 -277
214 -277
230 -277
241 -277
251 -277
263 -277
275 -276
297 -269
308 -263
321 -255
330 -250
341 -244
348 -238
355 -229
362 -218
368 -208
376 -199
380 -192
388 -177
392 -168
395 -159
396 -148
397 -138
397 -128
397 -118
397 -110
395 -96
392 -83
386 -68
378 -52
373 -41
367 -32
358 -27
351 -22
342 -17
323 -13
310 -13
300 -14
290 -18
283 -22
274 -31
264 -43
257 -60
252 -78
251 -98
251 -113
251 -133
261 -161
271 -191
281 -213
299 -235
316 -255
336 -271
354 -283
377 -297
401 -306
421 -311
441 -315
459 -319
482 -319
503 -320
530 -320
541 -320
556 -317
584 -315
609 -310
629 -307
647 -303
666 -297
680 -291
690 -286
705 -278
713 -272
722 -265
729 -257
737 -246
743 -237
748 -228
753 -216
758 -207
762 -198
764 -190
767 -180
772 -167
775 -155
778 -145
780 -130
783 -115
784 -101
784 -89
784 -79
781 -69
774 -62
761 -56
736 -48
709 -40
699 -37
684 -34
673 -33
667 -34
653 -43
639 -54
628 -68
617 -90
602 -123
592 -155
587 -181
583 -206
583 -233
583 -264
583 -291
583 -323
583 -346
583 -369
583 -388
583 -410
585 -434
587 -462
592 -489
600 -510
605 -525
610 -534
613 -539
616 -543
619 -547
623 -551
627 -555
639 -561
657 -568
668 -574
687 -581
705 -585
722 -591
744 -598
756 -601
766 -601
773 -597
775 -589
775 -570
768 -548
758 -526
748 -503
735 -482
724 -469
713 -459
699 -449
677 -434
653 -421
634 -411
618 -406
590 -397
573 -389
558 -381
546 -378
532 -375
523 -371
500 -369
467 -364
449 -361
427 -358
400 -354
373 -353
337 -346
316 -344
289 -341
260 -341
231 -341
206 -341
188 -341
174 -346
161 -352
150 -363
144 -372
140 -383
139 -398
137 -415
137 -438
137 -456
138 -476
140 -494
146 -505
149 -514
153 -529
156 -540
164 -556
169 -563
176 -572
182 -581
190 -590
197 -597
206 -603
222 -611
236 -616
246 -618
256 -618
268 -618
278 -612
287 -603
297 -587
306 -569
311 -558
315 -544
316 -526
316 -511
315 -490
308 -468
302 -449
299 -437
292 -425
284 -415
274 -408
256 -398
244 -394
235 -394
223 -393
209 -393
196 -393
181 -399
168 -407
155 -414
146 -419
138 -423
131 -428
122 -436
114 -444
108 -451
102 -462
93 -479
91 -493
87 -505
86 -516
83 -534
83 -563
83 -579
83 -595
82 -615
80 -638
77 -658
76 -677
76 -690
79 -706
83 -727
87 -743
91 -756
98 -774
104 -795
111 -811
121 -829
131 -850
137 -860
142 -865
147 -870
161 -877
177 -880
202 -882
223 -886
246 -887
262 -887
279 -887
289 -887
299 -887
319 -882
331 -877
341 -870
355 -859
369 -844
377 -831
385 -815
394 -798
400 -777
408 -762
411 -746
414 -730
414 -713
411 -698
407 -685
401 -672
390 -659
386 -653
378 -648
365 -642
354 -636
343 -632
336 -631
331 -631
323 -632
310 -637
300 -644
294 -651
288 -661
282 -676
278 -688
276 -700
276 -711
276 -726
276 -739
281 -754
288 -772
293 -784
298 -792
302 -798
307 -803
320 -816
334 -829
346 -836
361 -844
383 -853
402 -860
409 -862
421 -865
451 -876
481 -884
505 -893
533 -897
549 -901
556 -902
565 -902
579 -902
586 -902
596 -902
609 -900
617 -898
629 -893
644 -887
659 -881
669 -875
682 -867
705 -850
714 -841
717 -831
725 -814
728 -794
732 -774
732 -762
732 -746
730 -733
726 -718
720 -703
717 -696
712 -688
704 -677
693 -666
680 -660
671 -654
662 -652
643 -651
621 -651
610 -651
594 -655
579 -667
569 -681
561 -695
560 -703
562 -717
567 -728
572 -741
579 -756
584 -767
592 -777
599 -786
610 -796
620 -802
628 -808
637 -813
648 -818
657 -822
667 -826
681 -830
692 -832
705 -837
724 -841
735 -843
737 -843
744 -844
746 -844
749 -844
752 -843
758 -840
764 -838
770 -835
776 -834
784 -830
789 -828
789 -828
790 -828
790 -828
790 -828
790 -828
790 -828
790 -828
791 -828
791 -828
791 -828
793 -827
795 -826
795 -826
795 -826
795 -826
795 -826
795 -826
795 -826
795 -826
795 -826
795 -826
New trajectory
101 -19
101 -19
101 -19
101 -19
95 -19
89 -22
84 -25
82 -29
79 -33
74 -42
69 -52
65 -61
64 -67
64 -75
63 -85
60 -96
55 -113
54 -128
54 -140
54 -156
54 -169
53 -181
53 -191
57 -200
63 -216
68 -225
72 -234
78 -244
83 -253
89 -262
99 -274
109 -282
122 -294
136 -305
147 -314
155 -319
162 -323
179 -329
199 -338
213 -342
233 -344
256 -344
270 -344
278 -344
287 -341
301 -335
317 -328
331 -321
339 -317
349 -305
360 -293
370 -280
375 -269
382 -257
390 -236
392 -224
395 -215
398 -205
398 -194
401 -181
401 -170
401 -159
401 -144
401 -132
401 -117
401 -102
401 -90
400 -77
397 -66
394 -56
389 -48
381 -40
365 -30
362 -28
356 -21
340 -18
321 -16
314 -16
305 -17
293 -25
284 -33
275 -46
269 -61
265 -87
263 -111
263 -134
263 -155
266 -175
271 -189
282 -210
293 -225
313 -250
341 -278
370 -299
386 -310
399 -318
420 -327
441 -335
458 -341
468 -345
505 -351
538 -357
579 -360
620 -360
642 -360
649 -360
666 -356
691 -350
710 -343
726 -335
735 -329
744 -322
755 -315
769 -304
781 -296
791 -284
798 -273
805 -262
812 -249
818 -223
820 -207
823 -190
825 -171
825 -152
825 -138
825 -123
821 -110
816 -99
811 -90
804 -81
798 -75
785 -69
775 -61
763 -54
749 -45
737 -39
725 -36
717 -34
708 -34
695 -35
683 -42
670 -51
658 -67
649 -85
644 -97
639 -113
632 -141
623 -176
619 -214
613 -243
607 -278
601 -313
600 -338
600 -354
600 -369
600 -390
601 -416
603 -433
607 -456
610 -478
612 -497
617 -514
621 -533
624 -553
630 -572
635 -590
638 -601
643 -609
647 -614
651 -615
657 -618
667 -620
680 -622
693 -623
705 -619
714 -611
721 -603
726 -590
728 -569
728 -558
728 -545
723 -530
710 -508
701 -496
688 -483
673 -467
653 -452
629 -435
613 -427
595 -418
575 -411
556 -406
539 -401
514 -398
485 -394
463 -393
423 -391
382 -387
363 -384
345 -384
324 -388
308 -391
295 -395
280 -402
267 -412
253 -423
242 -435
234 -444
227 -458
217 -471
212 -486
202 -514
199 -534
197 -553
197 -566
202 -580
209 -600
215 -611
220 -624
228 -638
242 -651
252 -661
262 -670
279 -676
296 -677
307 -677
317 -677
331 -675
340 -671
352 -666
361 -658
368 -653
374 -644
378 -628
379 -612
379 -595
379 -570
374 -542
367 -518
348 -494
334 -475
317 -456
303 -445
281 -437
264 -435
245 -435
234 -435
219 -436
207 -440
193 -443
181 -446
169 -451
158 -454
138 -460
129 -467
119 -476
107 -491
101 -511
95 -533
92 -552
88 -582
83 -602
81 -620
77 -640
75 -663
74 -677
74 -689
74 -709
74 -729
74 -747
74 -758
79 -770
82 -782
89 -798
94 -809
101 -820
107 -832
114 -840
123 -850
137 -863
148 -871
158 -881
175 -891
201 -906
224 -916
240 -925
261 -934
285 -939
297 -941
304 -941
318 -938
327 -935
338 -930
352 -921
367 -911
387 -896
405 -879
415 -862
424 -849
427 -834
430 -812
430 -788
430 -771
427 -763
424 -759
417 -752
406 -744
395 -736
386 -729
372 -723
362 -719
355 -715
349 -715
339 -714
330 -714
319 -714
307 -721
299 -731
294 -744
294 -761
294 -775
294 -791
298 -803
303 -819
308 -829
314 -839
321 -849
328 -859
344 -870
360 -877
381 -887
399 -893
412 -899
426 -903
442 -906
466 -914
486 -917
507 -918
527 -921
550 -923
563 -924
579 -924
596 -923
611 -920
626 -915
638 -908
655 -895
675 -882
690 -866
698 -854
705 -841
714 -822
717 -805
717 -786
717 -766
716 -746
712 -729
709 -717
703 -707
696 -700
685 -696
668 -693
652 -693
636 -695
617 -701
594 -709
585 -715
579 -723
577 -741
576 -762
576 -778
577 -788
581 -796
587 -804
594 -813
607 -821
622 -830
635 -837
639 -837
656 -842
674 -846
684 -847
693 -847
707 -847
720 -845
733 -845
742 -842
748 -840
753 -838
756 -837
761 -835
765 -832
769 -829
773 -828
778 -825
779 -824
780 -824
782 -823
782 -823
784 -821
784 -821
784 -821
784 -821
784 -821
784 -821
784 -821
784 -821
788 -820
793 -819
793 -819
793 -819
793 -819
New trajectory
48 -20
48 -20
48 -20
47 -23
47 -38
52 -51
55 -66
59 -78
61 -91
68 -109
71 -119
76 -133
79 -144
84 -152
87 -160
92 -169
96 -180
102 -191
109 -204
120 -217
134 -236
148 -249
161 -259
180 -271
204 -281
239 -292
279 -303
298 -303
312 -303
323 -300
331 -295
340 -289
348 -282
361 -267
366 -254
371 -240
375 -224
377 -207
377 -192
377 -176
377 -161
377 -150
377 -138
377 -128
377 -118
374 -104
373 -94
369 -82
364 -72
360 -64
353 -57
348 -52
342 -49
338 -46
331 -42
322 -37
314 -36
307 -36
299 -36
292 -39
283 -44
272 -53
265 -65
261 -87
259 -107
259 -122
263 -139
270 -155
277 -172
286 -184
304 -203
326 -219
351 -234
382 -246
405 -256
420 -261
448 -267
475 -274
491 -279
510 -281
533 -283
552 -284
565 -285
585 -287
617 -287
646 -287
686 -287
727 -287
758 -287
784 -284
802 -279
813 -273
830 -262
841 -251
847 -241
851 -230
853 -219
854 -207
848 -187
843 -170
835 -153
830 -142
822 -128
814 -113
805 -100
799 -94
790 -87
780 -81
768 -76
760 -74
751 -73
724 -68
706 -67
697 -67
682 -68
670 -73
654 -81
634 -99
623 -112
615 -125
609 -144
606 -165
601 -182
596 -200
591 -233
586 -257
584 -281
584 -305
584 -334
584 -359
584 -382
584 -400
584 -428
584 -458
588 -478
593 -491
599 -516
609 -544
621 -572
634 -596
644 -613
652 -622
662 -628
680 -633
691 -634
699 -633
711 -626
723 -615
731 -604
736 -587
739 -571
739 -548
740 -530
740 -515
739 -501
731 -482
721 -461
711 -449
701 -439
685 -429
675 -423
664 -418
647 -412
615 -402
585 -395
563 -389
539 -383
516 -377
497 -370
476 -366
451 -363
413 -358
396 -355
378 -355
361 -355
344 -355
322 -355
307 -355
296 -355
287 -355
274 -360
263 -369
252 -377
241 -385
233 -395
225 -403
220 -411
215 -423
211 -432
205 -443
204 -453
204 -468
203 -487
203 -499
203 -513
201 -529
201 -546
201 -562
203 -574
206 -581
212 -591
218 -597
229 -604
243 -611
262 -619
280 -627
306 -629
315 -629
323 -626
329 -618
334 -605
339 -593
342 -578
345 -555
345 -536
345 -517
340 -495
334 -478
329 -465
320 -452
308 -440
297 -432
286 -428
273 -423
263 -421
253 -418
243 -417
229 -414
219 -414
210 -413
200 -412
192 -411
181 -409
171 -409
161 -411
147 -416
139 -421
131 -430
126 -441
122 -454
116 -476
113 -491
108 -506
107 -524
102 -547
99 -571
97 -584
92 -600
92 -615
90 -633
84 -653
81 -674
78 -700
74 -728
68 -761
66 -773
66 -782
70 -789
75 -800
89 -818
106 -839
126 -853
142 -860
162 -867
180 -873
191 -878
198 -879
212 -883
230 -886
243 -886
254 -886
266 -884
282 -881
296 -876
309 -868
324 -858
340 -847
350 -829
356 -808
360 -792
362 -780
364 -763
364 -750
363 -739
361 -722
357 -712
348 -701
341 -693
334 -685
327 -676
319 -670
312 -664
310 -664
303 -664
292 -664
282 -664
274 -668
262 -674
250 -687
244 -699
240 -709
236 -725
234 -745
234 -760
232 -770
234 -780
242 -799
245 -810
252 -819
258 -828
269 -840
284 -850
303 -863
323 -874
338 -880
355 -888
383 -898
404 -904
411 -907
428 -909
452 -913
469 -914
482 -914
497 -913
506 -912
522 -910
538 -908
568 -904
591 -900
607 -898
617 -893
634 -884
654 -872
667 -861
672 -845
678 -826
681 -805
684 -792
684 -777
684 -763
684 -750
678 -733
675 -724
670 -712
665 -701
660 -692
658 -686
654 -679
648 -671
639 -662
619 -654
602 -649
587 -647
569 -647
554 -647
543 -651
532 -659
520 -673
515 -689
514 -708
514 -725
517 -737
523 -752
530 -768
538 -780
542 -787
548 -793
555 -800
565 -804
586 -811
612 -818
632 -825
639 -826
645 -828
655 -829
665 -830
675 -830
689 -830
700 -830
710 -830
726 -830
737 -830
743 -830
748 -830
755 -830
759 -828
762 -828
763 -828
767 -828
771 -826
776 -825
779 -822
781 -821
786 -820
788 -818
788 -818
788 -818
788 -818
788 -818
788 -818
788 -818
788 -818