
New trajectory
54 -55
54 -55
54 -55
54 -55
54 -65
54 -77
54 -91
54 -107
54 -123
54 -139
54 -153
54 -165
54 -180
54 -195
55 -207
55 -221
55 -233
57 -248
57 -263
57 -286
57 -313
57 -343
56 -369
56 -398
56 -431
56 -463
61 -487
63 -505
67 -523
69 -540
71 -549
73 -557
80 -575
87 -587
89 -593
94 -601
98 -609
100 -616
105 -627
109 -637
114 -648
117 -655
120 -658
123 -660
128 -663
131 -663
134 -663
137 -663
144 -660
151 -646
155 -631
159 -617
162 -598
165 -580
167 -557
174 -529
178 -509
184 -487
193 -460
201 -437
209 -414
214 -395
220 -373
226 -347
229 -327
232 -306
234 -289
237 -275
238 -262
238 -247
238 -236
238 -224
238 -213
238 -200
238 -189
238 -178
238 -165
238 -156
238 -147
238 -144
238 -137
239 -130
240 -123
242 -114
243 -107
244 -98
244 -96
245 -91
247 -86
249 -81
252 -74
254 -71
255 -70
256 -70
256 -70
261 -70
265 -70
270 -73
273 -76
278 -81
282 -85
286 -90
288 -95
291 -102
293 -113
294 -121
298 -130
298 -140
301 -153
302 -169
302 -187
303 -206
307 -225
308 -246
310 -267
315 -289
318 -308
321 -326
329 -358
335 -388
342 -418
354 -460
362 -497
370 -521
375 -535
379 -551
383 -563
386 -572
389 -580
390 -586
394 -594
396 -602
399 -612
401 -617
405 -623
410 -628
414 -633
416 -637
419 -640
423 -645
426 -649
429 -652
430 -652
434 -654
436 -655
439 -656
443 -657
445 -657
448 -657
450 -657
454 -649
456 -637
458 -623
460 -606
460 -584
460 -569
460 -551
460 -535
460 -518
464 -500
465 -483
467 -464
473 -446
483 -417
489 -400
494 -382
499 -368
502 -354
505 -339
507 -322
511 -303
512 -289
515 -273
517 -258
518 -243
521 -228
523 -212
526 -192
528 -171
531 -156
532 -144
534 -131
537 -119
538 -109
540 -101
540 -93
542 -85
543 -79
544 -73
544 -68
545 -63
548 -58
550 -53
551 -52
551 -52
551 -52
551 -52
551 -52
552 -52
558 -54
562 -57
567 -61
571 -65
576 -68
579 -71
582 -76
587 -82
588 -85
592 -91
593 -96
596 -102
597 -108
599 -115
601 -121
603 -128
603 -134
604 -140
606 -148
606 -156
608 -165
609 -175
612 -190
613 -195
614 -204
616 -215
619 -227
622 -243
627 -260
630 -279
634 -297
636 -319
640 -334
642 -350
645 -367
646 -381
647 -395
649 -412
651 -427
656 -442
658 -455
662 -469
665 -484
667 -496
673 -512
677 -524
678 -530
682 -542
687 -556
694 -570
699 -582
702 -591
704 -601
708 -610
709 -617
710 -620
710 -620
710 -620
712 -621
713 -625
714 -627
715 -630
719 -636
720 -639
720 -640
721 -640
721 -640
721 -640
721 -641
721 -641
721 -641
721 -641
722 -641
722 -643
723 -645
723 -645
723 -645
723 -645
723 -645
New trajectory
38 -51
38 -51
38 -51
38 -59
38 -70
38 -85
38 -98
38 -110
38 -123
38 -137
38 -149
41 -174
42 -192
42 -210
42 -233
43 -257
43 -273
44 -281
44 -299
44 -315
44 -335
44 -352
44 -370
47 -392
49 -409
52 -419
54 -437
57 -456
61 -477
66 -496
72 -516
76 -533
80 -549
85 -569
88 -584
92 -596
95 -610
100 -626
104 -635
104 -637
107 -642
109 -648
112 -655
115 -663
119 -673
123 -681
127 -686
129 -688
131 -689
135 -691
136 -691
137 -691
137 -688
139 -682
144 -668
149 -655
153 -639
155 -628
159 -617
164 -604
168 -594
172 -579
178 -561
184 -541
187 -526
192 -509
199 -489
211 -460
223 -434
231 -410
240 -387
244 -366
249 -349
252 -331
254 -313
258 -299
259 -284
262 -269
263 -254
265 -241
266 -225
267 -206
267 -194
267 -181
267 -167
268 -154
268 -144
268 -133
268 -119
268 -107
268 -98
268 -91
268 -83
269 -77
272 -70
274 -64
279 -57
281 -53
283 -52
287 -51
291 -51
293 -51
298 -51
301 -51
307 -55
313 -61
317 -70
320 -84
323 -96
325 -111
328 -132
328 -150
328 -169
328 -189
330 -214
330 -241
333 -266
337 -305
343 -343
349 -375
351 -398
355 -417
357 -435
359 -453
361 -468
365 -486
367 -503
370 -520
374 -534
377 -548
381 -562
385 -578
388 -591
389 -594
393 -603
397 -612
400 -621
404 -628
408 -636
412 -643
415 -648
420 -655
422 -660
425 -664
427 -667
427 -667
427 -668
431 -669
433 -670
438 -673
442 -673
447 -673
451 -673
457 -673
464 -672
471 -669
478 -661
483 -653
488 -642
492 -629
497 -613
500 -596
505 -565
509 -544
511 -523
515 -499
516 -468
520 -440
524 -415
529 -388
534 -358
536 -334
540 -311
544 -291
544 -277
546 -257
549 -239
552 -225
553 -213
556 -197
558 -184
560 -170
563 -154
565 -133
568 -118
570 -103
571 -88
572 -85
573 -77
574 -72
576 -66
578 -61
579 -57
581 -54
584 -49
586 -46
586 -45
586 -45
586 -45
586 -45
586 -45
586 -45
590 -48
595 -53
600 -59
604 -66
609 -72
611 -77
615 -85
619 -93
620 -101
623 -110
626 -123
629 -134
629 -145
631 -156
633 -166
634 -178
636 -192
638 -206
640 -217
640 -228
643 -242
644 -256
649 -272
651 -291
655 -310
658 -328
663 -345
664 -358
668 -372
668 -377
668 -377
669 -390
671 -405
673 -421
674 -431
676 -437
677 -452
679 -462
679 -469
681 -479
683 -489
686 -501
687 -512
688 -523
689 -534
692 -545
692 -551
693 -559
696 -569
699 -580
701 -586
703 -593
704 -598
705 -603
707 -607
709 -615
711 -623
713 -630
714 -635
716 -638
717 -640
717 -644
718 -648
719 -649
719 -649
719 -649
719 -649
719 -649
719 -649
719 -649
719 -649
719 -649
New trajectory
73 -26
73 -26
73 -26
73 -26
73 -34
73 -48
73 -70
73 -88
74 -108
74 -129
74 -152
74 -173
74 -193
74 -215
74 -234
74 -257
75 -273
76 -286
76 -301
76 -316
76 -336
76 -352
75 -369
73 -391
68 -418
66 -446
66 -472
66 -492
66 -511
66 -526
66 -537
66 -549
66 -559
67 -572
71 -583
75 -594
77 -603
81 -613
86 -623
90 -634
92 -642
96 -650
99 -657
102 -661
105 -665
110 -668
115 -672
122 -678
129 -682
134 -686
136 -688
140 -691
142 -692
144 -692
147 -693
149 -694
152 -693
157 -691
164 -686
171 -681
177 -673
183 -667
188 -659
196 -645
202 -635
207 -624
213 -612
218 -599
223 -588
227 -574
231 -557
238 -534
243 -512
245 -494
246 -481
249 -470
251 -454
254 -436
262 -406
269 -378
274 -358
277 -329
281 -302
286 -274
290 -241
295 -207
295 -180
295 -154
295 -140
296 -128
296 -120
296 -115
296 -106
298 -95
300 -88
300 -81
302 -74
304 -73
304 -68
306 -63
308 -57
311 -52
312 -48
315 -43
316 -40
320 -35
321 -34
322 -33
322 -32
322 -32
324 -32
330 -34
335 -37
341 -42
348 -47
351 -51
355 -57
360 -65
363 -71
366 -83
369 -96
371 -113
373 -128
374 -146
374 -167
374 -185
374 -198
374 -211
374 -235
375 -262
379 -285
381 -303
386 -326
391 -346
397 -365
401 -384
409 -410
415 -433
423 -459
429 -484
436 -508
438 -527
441 -543
443 -561
447 -575
449 -585
452 -594
454 -602
458 -612
462 -625
466 -633
468 -637
472 -646
476 -656
478 -661
482 -667
484 -671
488 -676
492 -680
495 -682
496 -682
496 -682
496 -682
496 -682
499 -682
505 -681
512 -677
520 -672
526 -666
532 -660
538 -650
543 -645
547 -635
551 -620
552 -607
554 -587
556 -570
556 -558
556 -556
557 -540
558 -519
558 -501
559 -479
562 -458
562 -438
562 -409
562 -391
563 -375
563 -351
563 -338
564 -323
568 -298
569 -285
569 -280
569 -276
569 -276
569 -275
570 -261
570 -244
573 -225
574 -207
575 -190
576 -176
576 -163
576 -152
576 -140
576 -138
576 -136
578 -126
578 -119
580 -108
581 -97
581 -96
581 -94
583 -88
584 -80
585 -74
588 -68
590 -59
593 -52
594 -48
595 -44
595 -44
598 -42
598 -42
604 -41
612 -41
618 -41
623 -42
628 -44
634 -47
639 -51
644 -54
646 -59
651 -71
655 -81
657 -91
659 -99
660 -105
660 -106
661 -109
661 -120
661 -140
661 -160
661 -171
661 -192
661 -210
665 -231
666 -238
667 -253
670 -266
671 -277
673 -286
674 -300
677 -319
680 -339
682 -354
686 -374
688 -392
689 -407
691 -414
691 -425
691 -438
691 -458
691 -474
691 -492
691 -505
691 -519
691 -529
692 -537
693 -542
693 -550
696 -564
697 -566
698 -575
699 -587
701 -596
702 -605
704 -614
707 -620
708 -626
709 -630
711 -635
713 -641
714 -645
714 -645
714 -649
716 -651
717 -653
717 -653
717 -653
717 -653
717 -653
717 -653
New trajectory
45 -30
45 -30
45 -31
43 -59
41 -83
41 -108
41 -130
41 -151
41 -174
41 -191
42 -213
42 -231
43 -252
44 -273
48 -288
50 -303
53 -321
58 -350
61 -374
64 -394
66 -411
68 -431
69 -451
70 -476
70 -499
70 -519
71 -537
72 -551
73 -561
75 -571
76 -585
77 -598
81 -617
84 -628
88 -643
92 -653
96 -662
99 -670
104 -679
109 -685
115 -689
118 -690
122 -691
122 -691
123 -691
123 -691
128 -683
133 -669
138 -655
144 -638
145 -627
149 -610
154 -590
159 -573
165 -555
165 -549
167 -538
177 -512
192 -475
202 -442
211 -415
213 -407
215 -399
218 -375
221 -344
224 -317
228 -291
233 -258
234 -225
238 -199
243 -179
245 -158
249 -138
251 -115
255 -93
255 -84
256 -73
257 -63
258 -56
258 -53
258 -51
258 -51
260 -48
261 -46
262 -43
263 -42
265 -38
268 -34
271 -31
272 -30
273 -28
273 -28
273 -28
274 -28
282 -30
287 -34
292 -43
300 -56
306 -68
307 -75
308 -86
310 -99
312 -112
312 -124
312 -138
312 -154
312 -175
312 -195
313 -216
313 -243
318 -283
325 -329
333 -374
336 -399
341 -427
345 -448
347 -465
348 -484
351 -500
357 -531
359 -561
364 -586
367 -604
370 -620
372 -634
375 -644
379 -654
382 -662
384 -664
385 -665
388 -668
392 -673
395 -677
396 -678
400 -679
403 -680
406 -682
406 -682
410 -682
410 -682
410 -682
413 -682
418 -676
424 -667
428 -656
430 -650
430 -650
433 -637
436 -620
438 -610
442 -590
444 -573
446 -554
450 -529
452 -511
455 -489
458 -469
464 -445
470 -421
476 -392
482 -365
485 -346
485 -343
486 -330
488 -315
490 -300
493 -285
494 -271
495 -260
497 -253
497 -231
497 -210
498 -196
499 -193
499 -178
500 -163
502 -159
502 -155
502 -145
504 -133
506 -125
509 -117
510 -110
511 -102
513 -96
515 -89
519 -82
521 -75
525 -67
528 -60
530 -56
533 -49
539 -42
543 -38
546 -34
548 -32
552 -30
554 -29
557 -28
559 -28
564 -29
569 -31
570 -35
572 -39
575 -46
579 -53
584 -63
589 -74
591 -82
594 -91
596 -100
600 -114
601 -125
604 -141
605 -155
608 -173
611 -201
619 -231
629 -270
638 -303
647 -335
652 -350
655 -358
657 -375
663 -393
669 -412
673 -431
676 -450
679 -466
680 -480
681 -490
683 -506
685 -523
689 -541
691 -559
692 -571
694 -578
695 -586
698 -597
701 -606
704 -615
705 -623
706 -631
706 -636
707 -641
707 -646
709 -652
709 -656
710 -658
710 -658
710 -658
710 -658
710 -658
710 -658
710 -658
710 -658
710 -658
New trajectory
41 -29
41 -29
41 -29
41 -44
41 -49
41 -53
41 -61
44 -76
46 -93
47 -108
47 -118
50 -140
50 -161
50 -180
50 -193
50 -211
51 -235
51 -262
51 -296
51 -330
51 -368
51 -381
52 -390
52 -409
52 -434
52 -454
52 -457
52 -475
52 -500
52 -530
52 -556
52 -578
52 -601
52 -617
52 -637
52 -650
52 -660
52 -672
52 -680
55 -689
58 -697
63 -702
66 -705
70 -708
76 -710
82 -713
85 -714
87 -715
90 -715
95 -715
100 -712
106 -705
111 -693
113 -681
117 -666
123 -644
128 -620
130 -599
134 -583
135 -565
141 -543
145 -523
151 -494
154 -471
158 -450
166 -425
179 -390
189 -355
199 -329
205 -316
211 -295
216 -277
221 -253
221 -251
223 -245
224 -233
226 -221
230 -199
232 -184
233 -169
233 -154
235 -141
235 -131
235 -117
235 -104
238 -90
239 -79
240 -70
242 -67
243 -60
244 -54
247 -49
250 -43
253 -39
254 -38
254 -38
254 -38
254 -38
254 -38
257 -38
263 -39
268 -44
273 -49
279 -57
283 -66
288 -75
292 -88
296 -111
297 -123
298 -141
298 -165
298 -168
299 -186
299 -211
299 -242
299 -264
299 -279
303 -308
307 -341
311 -370
311 -396
317 -426
325 -466
331 -509
333 -537
337 -561
341 -579
344 -593
346 -604
351 -621
356 -632
361 -642
364 -655
366 -662
369 -670
374 -677
376 -680
379 -684
380 -684
382 -686
384 -687
385 -687
388 -687
392 -688
394 -689
398 -689
399 -689
399 -689
399 -689
403 -689
414 -675
416 -668
421 -652
425 -630
427 -606
431 -579
434 -552
436 -519
436 -502
436 -473
436 -448
436 -426
436 -405
436 -386
439 -369
442 -343
444 -325
449 -308
450 -297
453 -290
454 -278
458 -261
462 -239
466 -222
467 -206
472 -189
472 -179
475 -164
476 -148
478 -130
480 -119
480 -115
481 -105
483 -96
483 -88
486 -80
490 -69
491 -63
493 -58
496 -53
498 -48
500 -43
501 -41
503 -39
504 -39
505 -39
505 -39
505 -39
505 -39
507 -40
512 -43
516 -46
519 -48
521 -52
521 -52
521 -52
523 -55
525 -59
529 -67
532 -76
534 -82
536 -90
539 -100
542 -111
545 -122
550 -135
554 -147
557 -161
561 -179
566 -190
572 -214
579 -238
585 -260
592 -282
599 -307
605 -333
610 -355
614 -375
621 -412
624 -445
628 -466
629 -485
633 -501
636 -516
640 -530
643 -541
647 -554
654 -569
659 -579
665 -590
670 -600
674 -608
679 -617
682 -624
687 -633
691 -639
695 -643
699 -648
704 -654
708 -659
714 -662
717 -666
721 -669
721 -669
721 -669
721 -669
721 -669
721 -669
721 -669
New trajectory
62 -29
62 -29
62 -29
62 -29
62 -37
62 -54
62 -71
62 -87
62 -102
62 -129
62 -164
62 -201
62 -223
62 -244
62 -277
62 -308
62 -332
62 -362
61 -396
61 -429
59 -449
62 -469
66 -498
68 -519
72 -535
74 -558
77 -574
78 -588
81 -600
84 -615
85 -619
87 -628
88 -638
89 -650
92 -662
94 -671
97 -681
100 -687
105 -691
110 -695
118 -701
123 -703
128 -706
132 -707
134 -707
139 -707
145 -704
154 -696
160 -687
165 -672
171 -655
176 -628
178 -607
180 -588
183 -567
185 -533
185 -520
188 -497
194 -473
200 -448
207 -422
212 -403
218 -381
219 -362
224 -341
225 -323
230 -300
231 -280
234 -251
236 -221
237 -198
241 -176
244 -158
247 -142
249 -126
251 -114
252 -101
254 -90
256 -83
256 -76
258 -70
259 -64
262 -58
263 -51
266 -44
268 -39
270 -35
273 -32
273 -32
276 -32
280 -32
283 -33
288 -37
293 -41
296 -47
299 -54
302 -62
304 -72
306 -82
308 -91
311 -103
312 -119
315 -136
318 -155
321 -176
324 -202
329 -227
332 -247
335 -269
340 -299
352 -337
360 -384
368 -424
374 -446
376 -462
379 -474
380 -489
384 -505
386 -522
391 -539
397 -561
403 -577
408 -596
412 -609
415 -620
419 -634
425 -649
428 -660
430 -668
432 -674
434 -678
436 -681
441 -685
443 -688
443 -688
450 -692
455 -696
460 -697
464 -699
467 -699
469 -699
471 -699
472 -699
476 -697
482 -690
489 -680
494 -670
501 -655
504 -641
509 -620
511 -599
515 -583
518 -563
523 -534
527 -505
535 -462
539 -426
547 -372
553 -329
557 -295
561 -269
565 -246
566 -223
566 -190
566 -169
566 -147
566 -128
566 -113
566 -100
566 -89
566 -78
566 -76
567 -70
568 -66
571 -60
575 -54
579 -48
583 -44
586 -39
589 -37
592 -36
595 -34
596 -33
600 -33
601 -33
606 -33
610 -35
615 -37
619 -40
622 -45
627 -53
631 -63
635 -74
639 -91
641 -102
642 -112
644 -123
646 -137
649 -155
652 -172
652 -180
653 -187
657 -207
659 -235
667 -276
674 -316
679 -342
681 -367
687 -409
690 -427
691 -431
696 -448
703 -490
709 -514
711 -530
712 -547
716 -559
717 -575
720 -594
721 -611
724 -627
726 -639
727 -649
727 -660
728 -665
728 -672
728 -677
728 -678
728 -682
728 -683
728 -683
728 -683
728 -683
728 -683
New trajectory
32 -24
32 -24
32 -24
32 -28
32 -39
32 -52
33 -64
36 -76
39 -102
42 -125
45 -145
48 -168
53 -199
57 -234
60 -270
68 -307
73 -331
77 -356
80 -379
85 -404
85 -431
85 -460
87 -485
89 -507
89 -517
89 -526
89 -538
90 -548
91 -559
95 -574
98 -595
98 -609
98 -621
101 -631
103 -642
106 -651
108 -660
112 -670
113 -676
117 -680
121 -688
125 -695
129 -699
134 -702
137 -703
142 -704
147 -706
154 -706
159 -706
163 -702
172 -685
179 -660
184 -637
189 -606
192 -579
193 -550
193 -525
193 -501
193 -473
193 -446
199 -412
204 -374
207 -350
212 -328
216 -303
219 -277
223 -251
228 -226
231 -206
234 -188
235 -171
237 -160
240 -144
242 -127
247 -106
250 -92
254 -73
258 -59
261 -51
263 -43
264 -38
267 -34
268 -32
269 -31
272 -31
277 -30
281 -30
285 -30
287 -30
291 -31
296 -34
301 -39
305 -45
308 -50
312 -60
318 -77
321 -97
325 -116
328 -143
331 -168
336 -188
339 -218
343 -248
348 -279
351 -304
354 -325
359 -352
362 -385
367 -411
368 -427
372 -446
375 -467
379 -489
381 -508
387 -526
391 -540
395 -557
399 -575
404 -587
408 -601
412 -615
413 -623
414 -631
417 -640
420 -649
423 -656
427 -663
432 -672
434 -675
439 -682
443 -689
447 -697
447 -699
447 -699
447 -699
447 -699
449 -700
450 -700
452 -700
452 -700
452 -699
452 -699
452 -699
456 -695
462 -691
468 -687
474 -681
480 -673
484 -666
487 -660
492 -651
496 -641
497 -636
497 -625
500 -598
501 -581
507 -553
509 -531
510 -510
517 -484
520 -461
521 -449
528 -418
532 -393
534 -374
538 -352
540 -325
546 -295
548 -272
553 -245
554 -233
558 -213
560 -199
562 -186
563 -176
564 -163
567 -149
568 -135
570 -123
572 -109
573 -104
574 -102
575 -93
579 -83
582 -76
583 -69
585 -63
588 -57
591 -49
594 -45
599 -39
602 -36
602 -36
606 -36
612 -36
616 -36
622 -37
629 -43
634 -47
637 -50
640 -56
643 -66
647 -78
649 -94
651 -114
653 -128
653 -143
656 -158
658 -172
658 -188
658 -210
658 -234
659 -255
662 -284
665 -292
668 -309
670 -327
672 -346
676 -367
679 -389
682 -411
684 -430
687 -452
690 -467
691 -483
696 -498
700 -522
702 -538
707 -550
710 -566
712 -578
713 -587
715 -596
718 -608
722 -622
723 -631
726 -639
728 -648
732 -657
734 -666
736 -675
737 -683
738 -690
738 -692
738 -693
738 -696
738 -696
738 -696
New trajectory
37 -26
37 -26
37 -26
37 -26
37 -42
37 -57
37 -77
37 -100
37 -123
38 -145
39 -166
39 -199
39 -249
39 -283
39 -302
39 -323
39 -342
39 -359
39 -375
39 -393
40 -418
44 -440
49 -469
52 -498
57 -524
60 -545
63 -572
66 -600
68 -618
69 -628
71 -637
71 -643
73 -648
75 -653
76 -658
79 -666
83 -674
84 -681
87 -688
90 -693
94 -700
100 -706
104 -708
108 -709
114 -709
117 -711
120 -711
123 -711
129 -707
135 -697
142 -679
147 -663
153 -643
159 -615
163 -587
166 -559
170 -527
173 -500
176 -474
186 -434
195 -402
201 -371
206 -342
213 -311
217 -284
219 -259
224 -233
227 -205
230 -189
233 -171
236 -149
239 -129
242 -111
243 -96
247 -83
248 -71
252 -60
253 -52
254 -48
255 -42
257 -37
259 -32
261 -27
263 -25
265 -23
267 -23
271 -23
273 -23
274 -24
280 -29
285 -35
290 -41
295 -54
302 -67
304 -77
308 -88
310 -101
316 -125
319 -142
324 -162
325 -182
331 -216
335 -262
341 -301
347 -335
349 -355
353 -380
358 -410
365 -437
372 -471
379 -516
389 -570
392 -605
395 -628
397 -646
400 -656
400 -659
401 -662
402 -666
402 -667
406 -672
408 -678
411 -685
415 -692
417 -698
420 -704
423 -706
426 -707
427 -708
427 -708
427 -708
427 -708
427 -708
433 -706
440 -700
447 -691
456 -679
463 -669
468 -659
474 -647
480 -626
483 -608
488 -587
489 -563
494 -544
496 -520
500 -495
504 -469
508 -445
510 -428
513 -412
515 -393
519 -371
522 -345
526 -313
527 -280
527 -260
527 -245
527 -230
527 -214
528 -202
530 -186
530 -166
532 -150
536 -137
536 -136
537 -126
539 -114
542 -104
546 -89
548 -79
552 -68
556 -57
557 -52
558 -46
563 -37
567 -30
569 -26
572 -23
573 -22
576 -22
580 -22
583 -22
587 -23
593 -25
598 -29
602 -33
606 -37
608 -43
612 -52
613 -55
613 -55
616 -65
619 -87
623 -107
628 -130
630 -162
639 -212
641 -237
645 -261
650 -293
656 -321
658 -339
659 -354
663 -375
665 -396
668 -416
671 -437
676 -464
679 -484
683 -508
689 -526
692 -547
697 -570
700 -585
705 -598
706 -607
708 -609
708 -612
710 -622
714 -632
717 -643
722 -655
725 -662
726 -666
728 -671
729 -674
729 -677
731 -680
731 -682
731 -683
734 -687
734 -688
735 -689
735 -689
735 -689
735 -689
735 -689
735 -689
New trajectory
77 -18
77 -18
77 -18
77 -18
78 -25
76 -37
75 -48
74 -58
73 -68
70 -80
70 -91
70 -101
70 -106
70 -113
70 -127
70 -143
70 -156
70 -172
70 -187
70 -199
70 -210
70 -218
70 -227
71 -256
71 -281
71 -306
71 -331
71 -358
71 -373
71 -394
73 -418
73 -436
73 -454
73 -463
73 -483
73 -501
73 -513
70 -527
70 -545
70 -562
70 -577
70 -588
70 -597
72 -608
77 -620
79 -630
84 -644
88 -654
91 -661
92 -668
96 -673
98 -679
102 -683
108 -688
113 -692
118 -695
121 -696
125 -697
128 -697
132 -699
137 -700
141 -700
145 -699
150 -697
158 -692
166 -686
174 -678
179 -669
186 -656
192 -642
197 -631
201 -608
209 -584
214 -561
224 -520
234 -488
239 -458
251 -422
255 -386
258 -373
258 -364
258 -332
258 -300
258 -275
258 -255
258 -234
258 -222
258 -211
258 -199
258 -198
258 -198
259 -195
261 -184
263 -174
265 -166
268 -157
269 -156
273 -147
277 -130
281 -115
285 -102
285 -102
289 -94
292 -86
296 -80
300 -73
305 -66
311 -59
316 -53
320 -49
323 -45
328 -43
332 -39
335 -38
338 -37
340 -37
344 -37
349 -37
354 -40
359 -44
363 -49
369 -60
374 -70
376 -82
378 -96
381 -110
384 -127
385 -140
386 -154
390 -175
393 -201
397 -230
404 -257
409 -282
410 -292
413 -311
418 -329
421 -352
425 -381
431 -407
437 -429
444 -462
447 -479
451 -508
454 -524
459 -540
462 -557
464 -568
465 -583
467 -600
472 -620
476 -635
477 -645
478 -655
482 -668
485 -678
486 -683
488 -689
491 -695
492 -697
495 -700
498 -703
501 -704
505 -705
507 -705
510 -706
515 -706
521 -706
527 -706
538 -703
546 -699
556 -687
564 -671
570 -655
576 -634
580 -609
580 -582
580 -555
580 -538
580 -505
579 -499
578 -485
578 -462
578 -458
575 -438
575 -405
575 -367
575 -352
572 -325
572 -314
572 -314
572 -298
572 -279
572 -263
572 -238
572 -228
572 -222
572 -207
572 -187
572 -170
572 -158
572 -141
572 -134
574 -123
577 -114
579 -108
582 -98
587 -86
591 -78
596 -68
601 -60
605 -54
607 -51
609 -48
610 -47
610 -47
612 -46
612 -46
612 -46
616 -46
620 -47
624 -50
630 -54
634 -56
639 -59
645 -64
650 -69
655 -77
659 -85
663 -97
667 -113
673 -134
679 -151
680 -159
682 -173
685 -192
687 -210
691 -231
693 -250
696 -269
698 -287
702 -310
704 -333
708 -359
709 -386
713 -417
714 -434
714 -457
714 -478
714 -494
716 -508
716 -525
716 -540
716 -550
716 -561
717 -574
720 -584
720 -591
721 -602
724 -614
725 -622
726 -631
727 -640
729 -647
730 -655
730 -660
730 -661
731 -664
732 -667
734 -672
735 -675
735 -676
735 -679
735 -681
735 -684
736 -687
736 -688
736 -689
736 -689
736 -689
736 -689
736 -689